Wavelength (nm)	abs
252	0.314421971
253	0.315503939
254	0.316585906
255	0.317667873
256	0.31874984
257	0.319831807
258	0.320913774
259	0.323090625
260	0.327015447
261	0.330940269
262	0.334865091
263	0.338789913
264	0.343916637
265	0.349465948
266	0.355015258
267	0.361289003
268	0.367762591
269	0.3744159
270	0.381608371
271	0.388800842
272	0.400112317
273	0.412900417
274	0.420092888
275	0.427285359
276	0.436782626
277	0.448647837
278	0.453865808
279	0.457463865
280	0.461061922
281	0.464659979
282	0.468258036
283	0.472067872
284	0.475953483
285	0.479839093
286	0.483724703
287	0.48738882
288	0.4908431
289	0.49429738
290	0.497751661
291	0.501456579
292	0.505773519
293	0.510090459
294	0.514407399
295	0.518797199
296	0.524192463
297	0.529587727
298	0.534982992
299	0.540378256
300	0.54577352
301	0.551168783
302	0.557569512
303	0.566199749
304	0.574829985
305	0.582343039
306	0.589535511
307	0.596553118
308	0.603026707
309	0.609500295
310	0.615973884
311	0.622447472
312	0.62892106
313	0.635216142
314	0.641150568
315	0.647084995
316	0.653019421
317	0.660494831
318	0.668046743
319	0.675598656
320	0.684389184
321	0.694097745
322	0.700942918
323	0.707416507
324	0.712879773
325	0.716477831
326	0.720075888
327	0.722498474
328	0.724197321
329	0.722763198
330	0.721329075
331	0.719040065
332	0.716168176
333	0.713252572
334	0.709661801
335	0.70607103
336	0.702101388
337	0.697791735
338	0.693482081
339	0.689332718
340	0.686101389
341	0.679401934
342	0.672600477
343	0.668290823
344	0.655995742
345	0.643059494
346	0.630123246
347	0.617186999
348	0.604250751
349	0.587613228
350	0.571274431
351	0.559416507
352	0.546523975
353	0.532509403
354	0.521052208
355	0.510272609
356	0.499493009
357	0.487824521
358	0.474888273
359	0.463511224
360	0.452585906
361	0.436268965
362	0.415449294
363	0.402513046
364	0.396046744
365	0.375154212
366	0.363063138
367	0.342695195
368	0.326378256
369	0.298695196
370	0.290072245
371	0.277573155
372	0.264636907
373	0.251700659
374	0.241008492
375	0.232385541
376	0.220177891
377	0.208159676
378	0.201693374
379	0.195227071
380	0.188105031
381	0.180560405
382	0.174997563
383	0.169114139
384	0.161569512
385	0.155190642
386	0.149802663
387	0.142578619
388	0.135558583
389	0.131248929
390	0.126939275
391	0.122629622
392	0.118319968
393	0.114010314
394	0.10970066
395	0.105391006
396	0.101988455
397	0.099296288
398	0.096604121
399	0.093616871
400	0.089307217
401	0.084997563
402	0.081387363
403	0.078156033
404	0.074924703
405	0.071547654
406	0.067777162
407	0.06400667
408	0.060236179
409	0.056946561
410	0.053715232
411	0.050483902
412	0.046698838
413	0.042389184
414	0.03807953
415	0.033915596
416	0.030684266
417	0.027452937
418	0.024221607
419	0.020990277
420	0.017758947
421	0.014527617
422	0.01190831
423	0.010294466
424	0.008680623
425	0.00706678
426	0.005776434
427	0.004486088
428	0.003195742
429	0.001905395
430	0.001320029
431	0.000936962
432	0.000553895
433	0.000170827
434	0
435	0
436	0
437	0
438	0
439	0
440	0
441	0
442	0
443	0
444	0
445	0
446	0
447	0
448	0
449	0
450	0
451	0
452	0
453	0
454	0
455	0
456	0
457	0
458	0
459	0
460	0
461	0
462	0
463	0
464	0
465	0
466	0
467	0
468	0
469	0
470	0
471	0
472	0
473	0
474	0
475	0
476	0
477	0
478	0
479	0
480	0
481	0
482	0
483	0
484	0
485	0
486	0
487	0
488	0
489	0
490	0
491	0
492	0
493	0
494	0
495	0
496	0
497	0
498	0
499	0
500	0
501	0
502	0
503	0
504	0
505	0
506	0
507	0
508	0
509	0
510	0
511	0
512	0
513	0
514	0
515	0
516	0
517	0
518	0
519	0
520	0
521	0
522	0
523	0
524	0
525	0
526	0
527	0
528	0
529	0
530	0
531	0
532	0
533	0
534	0
535	0
536	0
537	0
538	0
539	0
540	0
541	0
542	0
543	0
544	0
545	0
546	0
547	0
548	0
549	0
550	0
551	0
552	0
553	0
554	0
555	0
556	0
557	0
558	0
559	0
560	0
561	0
562	0
563	0
564	0
565	0
566	0
567	0
568	0
569	0
570	0
571	0
572	0
573	0
574	0
575	0
576	0
577	0
578	0
579	0
580	0
581	0
582	0
583	0
584	0
585	0
586	0
587	0
588	0
589	0
590	0
591	0
592	0
593	0
594	0
595	0
596	0
597	0
598	0
599	0
600	0
601	0
602	0
603	0
604	0
605	0
606	0
607	0
608	0
609	0
610	0
611	0
612	0
613	0
614	0
615	0
616	0
617	0
618	0
619	0
620	0
621	0
622	0
623	0
624	0
625	0
626	0
627	0
628	0
629	0
630	0
631	0
632	0
633	0
634	0
635	0
636	0
637	0
638	0
639	0
640	0
641	0
642	0
643	0
644	0
645	0
646	0
647	0
648	0
649	0
650	0
651	0
652	0
653	0
654	0
655	0
656	0
657	0
658	0
659	0
660	0
661	0
662	0
663	0
664	0
665	0
666	0
667	0
668	0
669	0
670	0
671	0
672	0
673	0
674	0
675	0
676	0
677	0
678	0
679	0
680	0
681	0
682	0
683	0
684	0
685	0
686	0
687	0
688	0
689	0
690	0
691	0
692	0
693	0
694	0
695	0
696	0
697	0
698	0
699	0
700	0
701	0
702	0
703	0
704	0
705	0
706	0
707	0
708	0
709	0
710	0
711	0
712	0
713	0
714	0
715	0
716	0
717	0
718	0
719	0
720	0
721	0
722	0
723	0
724	0
725	0
726	0
727	0
728	0
729	0
730	0
731	0
732	0
733	0
734	0
735	0
736	0
737	0
738	0
739	0
740	0
741	0
742	0
743	0
744	0
745	0
746	0
747	0
748	0
749	0
750	0
751	0
752	0
753	0
754	0
755	0
756	0
757	0
758	0
759	0
760	0
761	0
762	0
763	0
764	0
765	0
766	0
767	0
768	0
769	0
770	0
771	0
772	0
773	0
774	0
775	0
776	0
777	0
778	0
779	0
780	0
781	0
782	0
783	0
784	0
785	0
786	0
787	0
788	0
789	0
790	0
791	0
792	0
793	0
794	0
795	0
796	0
797	0
798	0
799	0
800	0
801	0
802	0
803	0
804	0
805	0
806	0
807	0
808	0
809	0
810	0
811	0
812	0
813	0
814	0
815	0
816	0
817	0
818	0
819	0
820	0
821	0
822	0
823	0
824	0
825	0
826	0
827	0
828	0
829	0
830	0
831	0
832	0
833	0
834	0
835	0
836	0
837	0
838	0
839	0
840	0
841	0
842	0
843	0
844	0
845	0
846	0
847	0
